Message Distance for scenario Ciente
sim_time: 21600.1000
[Message: M21]
1043
1345
1291
1740
2096
2545
2470
1257
2711
2580
1433
2337
2032
1534
611
1805
699
2000
774
2163
1672
1177
791
511
704
839
582
1464
1707
1361

[Message: M100]
1317
1192
948
1241
1178
352
316
469
1289
477
773
616
1624
2241
813
1157
1455
1117
2244
2307
2250
760
1339
1786
803
2458
2023
593
1814
1894

[Message: M350]
1697
1374
1810
1558
1497
1715
2058
1494
1572
1042
1775
1041
2059
1902
119
700
1674
1421
1419
1511
1555
451
977
1966
1386
1206
1659
493
1876
1091

[Message: M444]
550
1664
1184
1321
418
1511
571
451
522
931
1351
2558
1020
1412
629
1023
1135
425
826
1652
2120
1853
1826
910
75
1489
371
1069
755
1677

[Message: M560]
2249
1752
875
1387
1468
398
1589
1133
928
1343
948
1411
401
623
1407
468
628
1754
289
1894
1709
1280
683
1656
832
2178
1528
980
1048
842

