Message Distance for scenario DirectDelivery
sim_time: 21600.1000
[Message: M21]
1291
2539
2381
2204
1036
430
509
621
1614
2437
1912
1289
357
378
1185
1900
1628
1286
1095
1466
0
0
0
0
0
0
0
0
0
0

[Message: M100]
1317
1391
715
2134
1868
1626
1858
1588
751
506
1045
1553
1599
2146
2030
1815
1654
864
1281
529
0
0
0
0
0
0
0
0
0
0

[Message: M350]
1374
1129
1575
1222
931
1671
2280
1977
1141
304
1091
2021
2811
2358
1331
1091
783
2210
1293
1162
0
0
0
0
0
0
0
0
0
0

[Message: M444]
550
2604
1157
1133
2189
694
974
1323
1908
1248
769
741
2522
2424
1086
456
1156
671
1142
564
0
0
0
0
0
0
0
0
0
0

[Message: M560]
2382
2710
1708
1675
3259
2334
1295
1242
1285
656
1460
1338
1349
6
938
2787
1909
736
555
1237
0
0
0
0
0
0
0
0
0
0

