Message Distance for scenario EpidemicOracle
sim_time: 21600.1000
[Message: M21]
1172
1043
1345
1566
1291
1637
1276
1042
1183
2707
1740
3247
1186
2402
2096
3441
2531
3073
2545
2510
2515
2500
2729
1237
2857
3237
2470
2953
2351
3177

[Message: M100]
1317
1114
1088
1192
1663
1121
948
1101
1233
1226
1207
1446
1381
1656
1384
1565
925
1686
1391
1207
605
1241
1630
1145
1518
1237
1178
469
730
743

[Message: M350]
1858
1924
2265
1607
2069
2982
1797
1728
2456
1472
2377
3181
2396
2029
2176
1729
1969
1631
1556
2682
2571
3201
1903
1697
2144
2396
2250
2087
2877
1374

[Message: M444]
550
492
2157
1831
2604
656
1826
2166
1664
754
2291
2144
1985
2446
1051
1168
1224
1241
1126
1433
2605
2151
1795
1482
2107
1457
1404
1184
1321
1611

[Message: M560]
1601
2249
1555
1677
1556
1776
2382
1418
933
1632
1783
1680
1520
1752
161
158
643
1030
398
484
738
478
598
369
223
189
1007
952
1029
894

