Message Distance for scenario Greg
sim_time: 21600.1000
[Message: M21]
1172
1043
1345
1740
2096
2470
1257
1919
2580
1275
1433
1534
611
1697
699
2777
774
1672
991
1076
1391
704
1555
582
1707
1112
900
1119
728
1963

[Message: M100]
1317
1391
174
229
669
715
1423
1297
1562
2134
1691
1421
2464
1601
2025
1868
1965
2015
2053
2104
1236
1737
1626
1676
2281
786
691
1597
1809
2734

[Message: M350]
1729
1697
1374
1592
2090
1497
1715
1553
1241
2020
1041
2059
1790
1098
627
1421
1419
1429
2182
823
977
1966
233
1768
1029
493
1876
297
2551
1010

[Message: M444]
550
656
1985
2446
1307
1577
608
1007
188
1060
826
1006
1355
1663
424
770
946
1435
1645
1457
1041
826
1776
1371
662
320
373
349
1777
1636

[Message: M560]
2249
1680
1752
875
1584
2025
1883
398
1589
1443
1343
948
1411
1746
468
547
628
1754
2721
1280
714
683
1656
2614
980
1512
1048
842
2238
565

