Message Distance for scenario Vsport
sim_time: 21600.1000
[Message: M21]
1172
1345
1183
2531
2545
2470
1257
2630
2580
2337
1534
2117
611
2382
699
2777
632
2163
1672
1861
1914
704
1555
1245
1464
1707
2078
990
728
1963

[Message: M100]
1317
1391
834
669
1423
1727
1056
1552
2464
1635
1965
2015
2257
2153
2053
905
957
2281
946
786
691
590
541
1925
2946
1732
922
447
1068
1102

[Message: M350]
1607
1631
1556
1374
1592
1044
2249
401
1992
1715
1553
1241
690
1833
1775
1279
1041
1790
627
202
1370
1674
2706
1419
2182
388
1720
451
1487
1966

[Message: M444]
550
1664
2446
1439
1746
1432
1075
812
675
476
582
931
528
377
959
354
1890
1811
426
770
282
1874
577
563
1700
2718
1232
826
900
1382

[Message: M560]
2249
1680
1752
875
1584
2103
2025
398
1589
1708
522
1443
1411
1675
401
658
1746
858
1754
3259
289
1878
2721
398
1656
2334
832
1825
2614
751

